1024.0   0.540396346409278087300799564562936438960605300962924957275390625
512.0   0.5435001834740382196942132253525414853356778621673583984375
256.0   0.545828978366668824025176309788776052300818264484405517578125
128.0   0.548387808812251991395780859051001243642531335353851318359375
64.0   0.540531091888730282069008836742796120233833789825439453125
32.0   0.535351028515034431387586977280079736374318599700927734375
16.0   0.652981585661105597140352330143286962993443012237548828125
8.0   0.593971368313907253921879458857802092097699642181396484375
4.0   0.9904011207358985047211064056682516820728778839111328125
2.0   0.89047779424215441068657383993922849185764789581298828125
1.0   0.472475863850354560469213538453914225101470947265625
0.5   0.2282543022758238837610633709118701517581939697265625
0.25   0.110247767677380981155010886141099035739898681640625
0.125   0.053929431538550343105953288613818585872650146484375
0.0625   0.026639100121346626082186048734001815319061279296875
0.03125   0.013234849721358354912581489770673215389251708984375
0.015625   0.006595843010424484731402117176912724971771240234375
0.0078125   0.003292475538417161118331932811997830867767333984375
0.00390625   0.001644869986152652785449390648864209651947021484375
0.001953125   0.000822092262255491590394740342162549495697021484375
0.0009765625   0.000410960350408995367388342856429517269134521484375
0.00048828125   0.000205458717759565701044266461394727230072021484375
0.000244140625   0.000102723992954079079709117650054395198822021484375
0.0001220703125   0.000051360654838017438805763958953320980072021484375
6.103515625E-5   0.000025679992363247805542414425872266292572021484375
3.0517578125E-5   0.000012839911691653327352469204925000667572021484375
1.52587890625E-5   0.000006419934110990510589545010589063167572021484375
7.62939453125E-6   0.000003209956234595523483221768401563167572021484375
3.814697265625E-6   0.000001604967296398029930060147307813167572021484375
1.9073486328125E-6   8.02487379214511520331143401563167572021484375E-7
9.5367431640625E-7   4.01203764877067214911221526563167572021484375E-7
4.76837158203125E-7   2.00620165369258529608487151563167572021484375E-7
2.384185791015625E-7   1.00502988598094589178799651563167572021484375E-7
1.1920928955078125E-7   4.9745908281551010077237151563167572021484375E-8
5.960464477539063E-8   2.55315213868724089834871477611282776598846939381724099607E-8
2.9802322387695312E-8   1.06303601386361441084871514110859960527163724484945503516E-8
1.4901161193847656E-8   6.9050698401742299834871514110859950041403724484945327594E-9
7.450580596923828E-9   -5.455107567495982665128485889140070930116275515055024250E-10
3.725290298461914E-9   -5.455107567495982665128485889140070930116275515055024250E-10
1.862645149230957E-9   2.92568116309457147334871514110860012955963724484946383125E-8
9.313225746154785E-10   2.92568116309457147334871514110860012955963724484946383125E-8
4.656612873077393E-10   2.92568116889602299334871471284689696545906967702402727604E-8
2.3283064365386963E-10   2.92568116425486177734871515512443768765747558560106456998E-8
1.1641532182693481E-10   2.92568116193428116934871507725867347600281655586603233924E-8
5.820766091346741E-11   2.92568116657544238534871503365384551747621806455574724438E-8
2.9103830456733704E-11   2.92568116471897789894871514677722776416809658355702276813E-8
1.4551915228366852E-11   -0.0000037854404539778101703225128485322283958779105237004208228900
7.275957614183426E-12   0.0000038439540772721897283014871514677729511612724553715612782526
3.637978807091713E-12   -0.0000114148349852278100689465128485322297429170935027724029240327
1.8189894035458565E-12   0.0000191027431397721895255494871514677756452396384135155254805380
9.094947017729282E-13   0.0000191027431397424871423430871506242139650842447497781573237461
4.547473508864641E-13   0.0000191027431397424871423430871506242139650842447497781573237461
2.2737367544323206E-13   -0.0002250378818602337503914143528484396730481529529078930464521124
1.1368683772161603E-13   0.0002632433681397662484892307671515603295178995985259668388653692
5.684341886080802E-14   -0.0007133191318601861610344197928528437675088505866669977323150869
2.842170943040401E-14   0.0012398058681398136626894688471471721420040767493295437757438123
1.4210854715202004E-14   0.0012398058681397757295383105751513500231732463862102679826781037
7.105427357601002E-15   -0.0065726941318602241151130578728486530658760112239080614668483006
3.552713678800501E-15   0.0090523058681397755741896790231513531122225039963285974322045080
1.7763568394002505E-15   -0.0221976941318602238044157947688486592439745264441447203659011092
8.881784197001252E-16   0.0403023058681397468052974817495509003100319213159062974728664107
4.440892098500626E-16   0.0403023058681397468052974817495509003100319213159062974728664107
2.220446049250313E-16   0.0403023058681397468052974817495509003100319213159062974728664107
1.1102230246251565E-16   0.540302305868139765010482733487151563167572021484375
5.551115123125783E-17   0.540302305868139765010482733487151563167572021484375
2.7755575615628914E-17   0.540302305868139765010482733487151563167572021484375
1.3877787807814457E-17   0.540302305868139765010482733487151563167572021484375
6.938893903907228E-18   0.540302305868139765010482733487151563167572021484375
3.469446951953614E-18   0.540302305868139765010482733487151563167572021484375
1.734723475976807E-18   0.540302305868139765010482733487151563167572021484375
8.673617379884035E-19   0.540302305868139765010482733487151563167572021484375
4.336808689942018E-19   0.540302305868139765010482733487151563167572021484375
2.168404344971009E-19   0.540302305868139765010482733487151563167572021484375
1.0842021724855044E-19   0.540302305868139765010482733487151563167572021484375
5.421010862427522E-20   0.540302305868139765010482733487151563167572021484375
2.710505431213761E-20   0.540302305868139765010482733487151563167572021484375
1.3552527156068805E-20   0.540302305868139765010482733487151563167572021484375
6.776263578034403E-21   0.540302305868139765010482733487151563167572021484375
3.3881317890172014E-21   0.540302305868139765010482733487151563167572021484375
1.6940658945086007E-21   0.540302305868139765010482733487151563167572021484375
8.470329472543003E-22   0.540302305868139765010482733487151563167572021484375
4.235164736271502E-22   0.540302305868139765010482733487151563167572021484375
2.117582368135751E-22   0.540302305868139765010482733487151563167572021484375
1.0587911840678754E-22   0.540302305868139765010482733487151563167572021484375
5.293955920339377E-23   0.540302305868139765010482733487151563167572021484375
2.6469779601696886E-23   0.540302305868139765010482733487151563167572021484375
1.3234889800848443E-23   0.540302305868139765010482733487151563167572021484375
6.617444900424222E-24   0.540302305868139765010482733487151563167572021484375
3.308722450212111E-24   0.540302305868139765010482733487151563167572021484375
1.6543612251060553E-24   0.540302305868139765010482733487151563167572021484375
8.271806125530277E-25   0.540302305868139765010482733487151563167572021484375
4.1359030627651384E-25   0.540302305868139765010482733487151563167572021484375
2.0679515313825692E-25   0.540302305868139765010482733487151563167572021484375
1.0339757656912846E-25   0.540302305868139765010482733487151563167572021484375
5.169878828456423E-26   0.540302305868139765010482733487151563167572021484375
2.5849394142282115E-26   0.540302305868139765010482733487151563167572021484375
1.2924697071141057E-26   0.540302305868139765010482733487151563167572021484375
6.462348535570529E-27   0.540302305868139765010482733487151563167572021484375
3.2311742677852644E-27   0.540302305868139765010482733487151563167572021484375
1.6155871338926322E-27   0.540302305868139765010482733487151563167572021484375
8.077935669463161E-28   0.540302305868139765010482733487151563167572021484375
4.0389678347315804E-28   0.540302305868139765010482733487151563167572021484375
2.0194839173657902E-28   0.540302305868139765010482733487151563167572021484375
1.0097419586828951E-28   0.540302305868139765010482733487151563167572021484375
5.048709793414476E-29   0.540302305868139765010482733487151563167572021484375
2.524354896707238E-29   0.540302305868139765010482733487151563167572021484375
1.262177448353619E-29   0.540302305868139765010482733487151563167572021484375
6.310887241768095E-30   0.540302305868139765010482733487151563167572021484375
3.1554436208840472E-30   0.540302305868139765010482733487151563167572021484375
1.5777218104420236E-30   0.540302305868139765010482733487151563167572021484375
